796316042247012352,796315571868483588,796312758354460672,796311319481720834,796310428825493504,796309860593770496
796309735230173184,796309266340532224,796308216715976704,796285072131272705
796319495799197696,796300456964149248,796316084596944898,796292893325475840,796005710907654144,795927762368270336
796307330899939330,796300984183963649,796297145938690048,796265149048836096,796299232126738432,796266128133668864
796298873362755584,796263304918249472
796297630720487424,796174474936651776,796173827747127296,796171792297529344,796171048215416832,796168860420358145
796297505537282048,796232138332876800,796225751708114945,795894669288689664,795888078061568000,795862546603384832,795847207152799744
796297009103716352,796296025430323200,796294622204960768,796293538111627264,796293218845343744,796259666565074944
796295996460253184,796292735468613632
796295754478301184,796279777992777728,796273230633807872,796235100870602754,796232588935438336,796231683104194561,796230943581306885
796294622204960768,796293538111627264,796293218845343744,796259666565074944
796293533871112192,796291796544258048,796279750742265856,796215952522104832,796212098594271233,796210508856578050,796210062498754560,796209875596361728
796290429050179585,796228467679326208,796228045703000064,796166692103593984,796164792356458496,796164645618749440,796164237148065792,796163986760732672,796163848810078208,796163614562340864
796283880797913088,796282705377800193,796282484665106432,796220598313566208,796202466140295168,796201932322803712,796201247741091840,796198404992839680
